ChEBI PubChem_Sid PubChem_Cid
799	8145830	92854
1387	123058745	91528
1547	14717840	89
1879	11534107	10393
2030	124403615	9679
2038	8148227	9444
2208	8148223	667490
2341	8148221	5280436
2365	8147050	5280896
2379	8148212	1978
2394	8145916	1988
2404	8145914	17198
2453	53801304	2022
2504	8147046	186907
2533	8146425	2078
2639	53801302	16231
2654	87322622	2145
2663	8145887	2157
2665	24775869	36324
2668	87322623	2162
2673	11533324	2164
2675	87322624	2170
2676	56464141	33613
2700	11534104	5281969
2877	56464099	134601
2896	87350404	2247
2904	93165412	2249
2950	87350406	2267
2953	24775694	2268
2955	56352923	447043
2968	57269568	441397
2979	8147158	5281605
2981	8147041	64982
3001	26697544	20469
3011	11533499	5362124
3013	92729930	2315
3077	46530919	9782
3082	92729932	2369
3092	85305365	10237
3103	99319068	73581
3131	11533319	2406
3136	135610153	5281226
3181	49658626	31101
3183	92729935	6834
3213	92729936	2471
3219	17425136	444
3223	11533496	2477
3237	135610162	5281222
3362	135668164	5281227
3374	26744231	1548943
3387	87350407	2554
3393	57269586	20824
3419	92729946	2576
3440	135610165	10364
3441	56464135	2585
3478	87322626	51039
3480	87322628	456255
3485	92729947	6915944
3510	93578305	5282242
3515	26744220	5479529
3534	87246423	27447
3537	87246410	5773
3547	49836646	38103
3561	57581408	2678
3614	24712465	9552079
3619	99319101	2717
3638	26675665	2719
3640	93578308	2720
3647	24398080	2726
3650	93578309	2727
3682	11533492	2950
3699	8147032	2756
3723	17425135	2771
3732	99313627	84029
3745	11533316	29029
3750	8147031	2796
3757	26697416	2803
3764	11533491	2812
3941	123058751	5281316
3962	8145866	969516
3994	56394858	6726
4027	11533313	2907
4170	29214830	5958
4208	22396012	18950
4315	56352871	28417
4325	96079555	2955
4495	56394824	3019
4513	99313631	54676038
4514	99313632	3042
4530	99319074	7029
4551	92729949	2724385
4562	99313633	10531
4591	56352869	5311071
4630	22396004	5281612
4636	99319084	3100
4653	56394823	3108
4657	56394974	3114
4659	11533307	3117
4670	99313634	36811
4676	46530523	12736
4728	99313637	3182
4775	8147026	5281855
4781	14717856	10219
4784	99313640	5388962
4806	17487252	65064
4877	99313647	14052
4885	50139237	2761171
4887	99437356	3291
4903	11533305	5991
4907	111978152	3305
4911	8145856	36462
4917	8146418	3314
4974	103158204	3324
4975	11533304	3325
5000	99313648	3337
5001	11533532	3339
5004	103158206	3342
5050	85164717	3348
5062	11533303	57363
5078	14718452	11349
5103	50139275	3373
5106	56352868	82153
5118	11533302	3386
5123	92740963	3372
5130	11534103	3394
5262	49658622	5281616
5280	87322631	5379
5292	135610081	5288382
5296	11533483	3463
5441	8147024	3488
5557	56394979	3518
5613	46530521	3559
5775	99437371	3637
5818	50139270	3658
5855	8147017	3672
5893	160644696	3702
6030	8145964	3767
6032	8145963	5922
6039	81058772	442048
6067	56352887	5282379
6128	11533518	3825
6359	92729953	11333
6367	111978157	3878
6375	50139245	3883
6384	26697412	5311221
6456	26744219	3676
6499	14718467	5280915
6532	87246435	3955
6541	46530544	3961
6566	14718214	6477011
6601	57304829	72378
6682	22396024	5281647
6695	49693493	334704
6704	26675660	4030
6715	56352890	10631
6775	49658687	4075
6780	104222090	4078
6794	53801146	5906
6838	56352912	72287
6887	57269570	4158
6888	50139236	6741
6904	11533336	4171
6923	11533335	4189
6980	11533634	9415
7207	8146416	71602
7454	56464121	5311304
7459	56352924	5284596
7465	104222111	5360515
7476	93165414	156391
7522	24434810	441867
7563	85240158	68499
7569	96079556	34230
7573	56352883	4493
7575	135610175	4497
7640	29214861	4543
7772	50139248	4594
7775	8147006	442813
7789	104222093	4601
7824	135610186	34312
7856	56464138	4634
7983	11533361	4737
8024	53801152	107807
8028	24434791	4748
8050	8147859	4754
8093	11533358	6041
8107	87350410	1775
8113	24398223	6072
8212	49658920	16362
8214	46530911	4828
8228	49836649	4829
8232	58106750	43672
8247	50139450	4848
8364	56464168	4893
8378	26697414	5755
8382	56352934	5865
8405	96079557	4908
8428	53801180	4913
8435	56464130	4917
8448	56464114	4919
8499	26744226	4946
8502	8147858	657298
8597	29214865	4976
8600	8145928	5281804
8630	135610176	5281727
8645	17487300	6683
8673	92740991	4993
8713	8145927	54892
8716	56352930	9046
8887	8146414	5090
8888	56394866	5095
8984	8146645	3423265
9008	8145924	10253
9086	50139277	26757
9107	14718485	5280906
9139	92729956	5212
9168	8145920	5284616
9171	14718463	6736
9233	49658630	5265
9241	56352940	5833
9300	46530537	10457
9329	50139239	17134
9332	14718462	5329
9352	11534177	1548887
9367	160644706	51683
9400	17425145	68077
9434	46530547	65999
9445	56464178	5401
9468	92729957	5411
9513	121269876	5426
9566	49658718	5452
9588	50139240	5472
9592	14718479	125468
9599	26697402	33624
9622	56464111	443879
9654	56394831	5533
9738	29214834	5584
9753	11533348	5591
9907	14718187	31401
9908	14718477	64945
9927	46530915	60846
9943	17425507	5656
9948	85240153	2520
9985	24712294	15376
10033	53801150	54678486
10093	11533345	8969
10100	8148198	5717
10110	87322636	35370
10112	14718475	60490
10213	125258679	73170
10280	26675652	5281516
10319	8148196	7005
10362	17425506	5281235
10432	8148191	8663
10577	8148190	7461
10588	26744257	1355
10782	8146232	369312
15334	7985313	160511
15335	7985314	5280442
15344	7985318	96
15345	7985319	92153
15365	8143164	2244
15367	8143163	444795
15373	8143159	2380
15399	8145815	16724
15410	8143170	26447
15468	8143337	444485
15473	8145145	5497143
15479	8143191	3036931
15487	8143329	165435
15514	8145807	5497113
15517	8143245	122283
15521	8143242	165436
15525	8143238	644109
15530	8143234	5497112
15533	8143231	445344
15539	8143225	92753
15541	8143223	94140
15544	8143220	5280723
15545	8143219	5281912
15547	14717836	5280719
15548	8145144	5280710
15550	8145143	5280711
15551	8143217	5280360
15553	8143215	5280363
15554	8143214	445049
15555	8143213	448457
15560	8143209	5280411
15573	8143201	339
15600	8143311	9064
15603	8143308	6106
15632	8143290	5280778
15633	8143289	98792
15647	8143279	5280492
15671	8143391	444305
15676	8143386	204
15695	8143377	89853
15698	8145772	13711
15702	8145771	7489
15714	8145140	637775
15727	8143363	439224
15728	8143362	500
15729	8143361	6262
15738	22395940	44259
15741	8145138	1110
15746	8143356	1103
15753	8143753	71
15756	8145136	985
15765	8143351	6047
15768	8144845	9305
15771	8143750	87691
15776	8143345	65536
15793	8145787	86
15811	8145118	68841
15820	8145438	18396
15830	8145113	173
15843	8145109	444899
15854	8145105	3034034
15864	8145650	5280445
15890	8145092	675
15891	8145091	1123
15894	8145090	5280598
15901	8145086	649
15930	8145077	2256
15932	8143744	5280746
15939	8145710	14982
15940	8143743	938
15948	8145071	446925
15956	8143739	171548
15964	8145062	7533
15968	8144870	67701
15971	8145060	6274
15996	17487135	6830
15999	8145708	979
16015	8143737	33032
16031	8143735	397
16032	8145036	5879
16040	8145032	597
16054	8143732	3858
16080	8145020	2149
16104	8145008	873
16112	8144862	1794427
16119	8145698	8742
16160	8145640	439406
16168	8144988	72924
16171	8145689	14180
16175	8144985	91477
16196	8144974	445639
16217	8144694	7027
16231	8143470	440014
16235	8145637	764
16238	8143468	643975
16243	8145679	5280343
16259	8144689	74839
16265	8143460	1112
16269	8144786	949
16283	8143450	67678
16285	8143449	26840
16292	8143446	17723
16296	8143445	9060
16313	8144687	8988
16318	8143435	3505109
16325	8145633	9903
16335	8143428	60961
16344	8143426	763
16347	8145671	10917
16348	8143424	1678
16354	8145631	69217
16356	49693485	24316
16359	8145669	221493
16363	29214827	221071
16375	8143413	92851
16389	8145668	4462
16393	8143582	5280335
16394	8143581	67069
16410	8143574	1052
16411	8143573	802
16414	8143572	6287
16424	8143568	998
16433	8145667	689043
16450	8145666	13712
16458	8143554	54675757
16469	8143549	5757
16474	8145663	5884
16485	8143542	11222
16521	8143526	246983
16522	8145628	449093
16523	8143525	71077
16530	8144675	49
16547	8143515	5280536
16551	8143512	7427
16556	8145541	448209
16563	8143508	72301
16566	14717832	91486
16584	8143496	1195
16586	8143494	564
16587	8143493	5459840
16600	135610086	638129
16610	8143482	1102
16619	8143479	445070
16625	99313666	123909
16634	8144966	439242
16643	8144963	6137
16664	8144956	2082
16667	8144955	26548
16675	8144952	1066
16680	11533261	439155
16691	8144669	643
16704	8144667	6029
16705	8145530	11082
16708	8144939	190
16709	8144938	1054
16713	8144935	10729
16714	8144934	5284371
16731	8144663	637511
16737	8144661	588
16738	8144925	8449
16742	8144922	967
16750	8144918	6802
16755	8145528	10133
16761	8144912	6022
16765	8144910	1150
16778	8143651	5280704
16813	8144652	11850
16828	8144649	6305
16831	8145751	1662
16841	8143625	5942
16856	11533291	124886
16865	8145275	119
16866	8143614	6293
16880	8143606	644111
16881	8143605	798
16885	8143604	440080
16892	8143602	777
16899	8145744	6251
16907	8143596	5955
16908	8145742	439153
16914	8145741	338
16919	8143593	586
16924	8143592	439685
16927	8144644	160556
16933	8143588	444679
16934	8145738	439742
16964	8144743	78168
16971	8145623	10787
16978	8144736	5280493
17001	8144639	65074
17015	8144638	493570
17016	8144720	158980
17025	8144637	439216
17026	8144717	5994
17053	8144794	5960
17061	8144695	145815
17066	8143720	92135
17076	8144635	19649
17111	8145620	7339
17115	8143701	5951
17134	8143689	4581
17138	8143688	729
17140	8143687	5289590
17154	8143677	936
17160	8143675	68570
17164	8143672	439531
17168	8143669	65728
17169	8143668	240
17172	8143666	187790
17189	8143659	3469
17191	8143658	6306
17196	8144629	6267
17201	8143655	11163
17203	8144250	145742
17211	26744185	445995
17230	8144236	778
17252	8145720	6238
17254	8144220	9958
17256	8144219	13730
17258	8144217	1044
17263	8144215	5870
17276	8144209	4788
17295	8144203	6140
17303	8144201	5288826
17310	8144197	1050
17312	8144196	916
17323	8144189	5280457
17336	8144182	445354
17345	8145524	6804
17351	8145523	5280450
17361	8144170	6131
17364	8144616	83887
17368	8144165	790
17394	8144156	439378
17418	8144608	7991
17431	8144144	199
17445	8144136	12122
17460	8144129	863
17474	8144604	3001028
17489	11533120	6076
17509	8145510	439176
17515	22395996	123938
17533	8144112	70914
17549	8144107	137
17553	8145508	1015
17558	8144104	5280459
17561	8144102	5862
17562	8144101	6175
17568	8144098	1174
17574	8144597	5280373
17579	8144093	5280489
17580	8144092	6549
17587	8144089	439373
17588	8144088	91552
17594	8144595	785
17596	8144594	6021
17620	8145504	445858
17622	8144075	65063
17642	8145501	992
17650	8144588	5754
17656	8145499	11914
17687	8145498	10140
17688	8144582	89594
17696	8144049	7956
17697	8144580	903
17698	8144048	5959
17712	8144038	1188
17724	8145495	673
17748	8145493	5789
17755	8144576	834
17768	8144015	122356
17775	8144012	1175
17780	8144010	439280
17781	8144009	5326566
17784	10318867	73563
17786	8144008	70912
17814	8143994	439503
17821	8143992	1135
17823	8143990	5280453
17847	8144569	2879
17858	8145606	65359
17859	8143978	743
17895	8144790	6057
17898	8143959	638015
17905	8145204	598
17933	8143950	5283731
17948	8143943	439533
17957	8145604	1136
17980	8145196	10214
17992	8143928	5988
18012	8145602	444972
18019	8144553	5962
18047	14717693	421
18088	8144549	5280378
18089	8145183	464
18094	8143894	671
18095	8143893	5810
18101	8143891	127
18112	8143885	5801
18123	8143879	5570
18127	8144546	273
18135	8143876	289
18145	11533108	14985
18147	8143871	6255
18152	26697047	5281672
18160	8143865	5280473
18183	8144544	7405
18193	24398001	154272
18208	8144852	5904
18243	8145174	681
18258	8145172	5920
18261	8145171	111
18265	8144534	73000
18280	8145168	11915
18283	8145596	122336
18292	8144531	5281166
18295	8143824	774
18305	49658571	440936
18315	8143815	1024
18332	8143807	5819
18335	8145162	1053
18346	8143801	1183
18347	135610263	21236
18357	8144526	439260
18358	8145159	4114
18388	8143786	5280443
18397	8144848	1001
18405	8143776	1051
18406	8143775	65110
18723	26675669	942
20067	17425164	441
20106	85305368	1245
20506	8146989	91443
20995	46530631	121988
21547	8146977	65065
21803	53801157	70315
22152	49658679	5375199
22526	17425160	169371
23673	8146897	865
23958	46530634	162406
24564	56394842	2123
24786	125258688	8897
24809	8146842	69867
24813	14717913	92904
24814	8146841	3712
25858	8146787	4687
25998	14718347	3848
26276	8146769	4929
27036	14717883	5356793
27373	50139198	131204
27432	8144514	5280934
27440	14717668	255720
27446	24398019	6869
27470	8144505	6037
27480	93165420	68144
27485	14717670	5280884
27496	8144503	5216
27504	8144500	5746
27509	92729969	90454
27510	8144499	5281426
27514	17425076	5281377
27547	11533172	5280899
27562	14717654	5280877
27565	26744216	4649
27592	49693441	126041
27607	26675626	6989
27616	49693440	6199
27637	85730916	85782
27641	49742590	6197
27647	8144480	5280883
27656	58106663	24360
27663	24712259	441852
27667	22395978	439353
27690	11533278	1986
27693	57581402	222284
27696	14717651	5280936
27704	24398011	97536
27732	8144467	2519
27779	53801117	441140
27796	92729975	5577
27820	14717647	5280880
27823	81058741	1826
27827	8144450	9395
27881	8145576	445154
27891	123058738	115015
27897	8144442	1148
27903	26675622	1480
27907	8144436	439710
27915	8144434	7955
27949	8144427	5280802
27953	46530447	5983
27956	24712288	440667
27967	8144424	94141
27997	8144419	637517
27999	8144417	5505
28001	8144416	14969
28012	8144414	91461
28013	8144413	10267
28031	14717676	5280937
28044	8144408	994
28051	46530453	6280
28052	8144406	1989
28054	11533157	335
28088	8144401	5280961
28099	14717681	5280881
28121	111978133	5280953
28123	8144393	8113
28125	8144392	445580
28130	14717669	5280885
28134	8144391	12584
28136	46530471	6088
28158	14717673	5280888
28177	8144385	2153
28179	26675623	2331
28184	53801099	35703
28194	8144382	5281125
28197	8144381	5281708
28201	11533148	6758
28209	14717639	5280733
28261	8144374	82227
28269	14717680	5280889
28279	8144367	5778
28315	26697034	4644
28322	26697033	441072
28324	26744177	440707
28346	58106667	4076
28364	11533194	446284
28393	8144354	441477
28442	14717672	5280887
28445	14717665	5978
28478	111978137	11970
28483	29214824	69602
28484	11533193	10430
28487	26697044	5770
28499	8144335	5280863
28502	29214781	5504
28508	50139228	70949
28518	8144330	6027
28527	24775672	5280805
28572	46530467	5280954
28631	49658587	107
28635	8145547	77
28646	8144307	12583
28661	8144304	5280933
28664	26744183	11361
28667	14717667	5280891
28689	8145544	5881
28716	8144299	445638
28728	14717706	5283137
28744	11533223	247304
28750	17425085	91451
28775	26744171	10621
28790	8144285	5202
28792	8144284	5281116
28801	24712250	68167
28814	14717702	667639
28821	8144276	638024
28822	8144275	10467
28824	46530450	5280794
28828	8144272	13289
28834	14717701	222528
28837	8144270	379
28842	8144269	5281
28853	57304795	68079
28854	24398013	1486
28864	11533214	36294
28865	14717827	6675
28869	11533196	4055
28875	8144261	11005
28878	11533213	8193
28915	124349057	446987
28918	8144253	5816
28933	8144251	91439
28940	8144901	5280795
28941	8144900	8215
28955	17487140	66414
28969	46530476	6089
28971	53801116	6249
28973	14717696	441071
28986	46530475	2181
28997	8145150	65058
29007	87322639	5479530
29013	46530473	3000226
29019	8144879	8158
29042	14717709	65533
29073	8145471	54670067
29132	8146711	39763
29452	14717824	643820
29639	123058754	127864
29750	8145408	803
30021	8146341	105024
30200	8146244	5282102
30270	14717823	123985
30531	8145259	385
30632	8145246	89640
30744	24398024	970
30746	8145241	243
30749	8145238	15880
30753	8145236	978
30754	8145235	227
30763	8145233	135
30765	11533260	10726
30769	11533259	311
30778	8145227	370
30805	8145220	3893
30813	8145219	2969
30817	8145216	736715
30832	8145385	196
30838	8145383	811
30841	8145381	964
30846	8147959	10268
30851	8145376	997
30852	8145375	3037582
30853	8145374	10114
30860	8145370	487
30915	8145356	51
30997	8147879	2724705
31128	57304831	96009
31199	56352910	443958
31225	11533957	2206
31276	56352916	21800
31277	56352907	16533
31348	29214852	60953
31403	56464175	1547484
31414	96079564	32798
31457	8147845	8175
31459	14718438	6674
31483	99319112	71414
31530	49658670	4021
31599	11533947	3335
31620	56352898	443980
31653	96079566	3474
31654	11533945	3475
31677	93165424	16623
31697	8147844	321710
31709	87246427	3730
31746	49836656	10255
31755	50139259	36143
32161	14718434	5323
32168	135610211	5355
32173	92741021	5362
32215	14718432	27200
32223	92741022	444008
32315	87246425	5735
32354	24775723	4765
32368	8147826	8180
32374	17425120	637542
32381	8147817	61743
32389	8147811	5312508
32509	8147703	5694
32692	8147545	47289
32805	8145317	643757
32978	8147303	643327
33033	8145282	74563
33198	14717810	10690
33270	11533847	5282347
33276	11533846	5282350
33277	8147136	5282349
33508	14717807	752
34117	81058787	3681
34126	14718423	5283168
34146	14718419	5283155
34151	14718418	5283162
34154	14718417	6443013
34230	14718398	9548881
34247	11533739	31404
34306	14718392	5283157
34447	135610214	70804
34477	135610104	65543
34486	14718383	5283154
34495	14718381	5283167
34505	14718377	5282263
34520	24775707	1982
34556	24775722	2314
34611	24775721	2566
34648	49836655	2797
34764	56352939	16490
34795	49658665	3758
34839	26675690	5366546
34934	24434798	4928
34939	14718363	5282260
35033	56352928	8289
35465	11533662	5318393
35616	11533590	637563
35619	11533234	80283
35628	11533586	32176
35633	11533583	72131
35697	14717783	444539
36062	22395989	72
36218	14717757	6134
36575	14717721	101399
36595	14718004	7922
36751	17425113	12473
36802	17425386	5282426
37495	17487280	5004
37550	29214822	5283560
37659	22396103	10494
37704	22396088	10130220
38067	24434774	4937
38137	53801136	20908
38167	24712414	10639
38225	24712404	2733489
38263	56464335	205
38264	135610227	791
38635	26744165	1673
38663	24775708	3286
38666	24775785	92337
38737	26675809	5125
38912	26676021	5083
38940	26675759	5329102
39066	26675740	5256512
39246	26697539	12591
39248	26697538	16898
39567	26697356	79034
39585	92741027	34359
39669	26697369	3059
39708	26697363	1369
40279	26697339	2094
40303	26697338	53232
40538	49836658	7504
40799	135610247	13472
40813	26697213	7478
40822	26697304	102288
40933	26697297	101989
40992	121269863	88064
41320	46530881	7595
41423	26697316	2662
41582	26697319	736316
41774	26697206	2733526
41865	26697310	5192
41922	26697273	448537
41941	26697314	547
41977	26697306	30323
42017	26697278	1493
42068	26697284	42890
42202	26697268	107971
42255	26697262	72277
42446	26697245	72099
42491	26697253	10680
42504	26697236	13849
42567	26697264	5281614
42588	135610255	5288209
42638	26697235	3371
42977	26697233	65094
43029	135610112	119055
43065	26697220	444718
43561	46530868	3540
43572	26697068	3840
43722	26697066	520298
43755	26697064	5362119
44215	26697181	5892
44241	26697184	4174
44247	26697164	5281120
44409	26697149	5885
44445	26697157	4495
44454	26697156	65124
44510	99313702	83697
44526	26697147	5282800
44616	135610264	449459
44747	26697152	780
44897	26697124	1005
45081	26697116	4735
45285	26697102	1046
45373	26697120	5333
45487	29214971	6436079
45744	49693719	445063
45863	26697100	36314
45919	26697110	12530
45924	26697109	5578
45927	56352997	6535
45951	26697108	5566
45979	26697097	5430
45980	26697094	1935
46024	26697088	444732
46171	135610266	19266
46195	26697092	1983
46245	26697085	5281915
46345	26697058	3385
46372	26697457	5280346
46762	26744204	5281365
46837	26744208	10367
46966	26744378	631
46979	29214928	5497136
47426	29214787	3440
47499	29214791	3696
47612	29214784	39042
47693	49693602	92092
47772	29214814	92094
47780	29214813	2801
47781	29214812	2995
47807	29214885	5350
48153	46530501	122357
48299	46530835	8998
48300	46530834	169019
48336	46530754	456201
48400	49658779	348154
48430	49658611	70
48526	49658775	10296
48538	49658769	6005
48574	92730001	4781
48765	49658582	2513
48861	49658594	447277
48905	49658741	5497123
48965	49693643	637760
48981	49693631	1923
48991	49693686	68374
49033	49693665	847
49040	49693660	150311
49410	49742613	447
49575	49742658	3016
49662	49742678	3715
49668	49742641	123631
50091	49836678	104858
50095	49836696	9687
50169	49836635	92786
50173	49836682	5284513
50199	50139422	51081
50202	50139304	932
50205	50139419	8768
50305	50139208	10607
50371	50139366	5281792
50519	50139203	31257
50648	53801213	449171
50673	53801133	1349907
50692	56352854	55245
50729	56352855	4212
50743	56352955	9880
50861	56394875	6918140
50867	56352999	2763
50885	56352851	31378
50931	56394950	667467
51137	56464297	4184
51141	56464294	2092
51164	56464344	28864
51209	56464196	7028
51211	104222136	2119
51230	56464316	5311027
51340	56464273	123929
51403	56464416	7814
51684	57269596	320930
51903	57269687	65079
52010	57304801	2725
52060	57304927	6713928
52172	57304905	644241
52249	57581424	8629
52289	57581479	312145
52309	57581434	5154691
52323	57581448	5497164
52427	58106716	272833
52768	85096689	3634
53090	85240308	10868
53289	85730950	3152
53454	85305633	1781
53460	85305634	5312529
53487	85305675	5497181
53488	87322644	5497182
53661	87246507	2090
53678	87246520	110992
53721	87246543	5354590
53727	87246442	5326
53766	87322646	54676537
53769	87246628	54683745
55484	87350443	3866
55501	92741057	7690
55546	92741098	17819
57589	99319265	7045767
58961	92741683	5283389
58968	92741689	5283344
58972	92741691	6445537
59026	92741827	2151
59057	92741965	6634
59270	92741718	1563
59332	92741795	107786
59477	93581501	2722
59771	124403694	10661
59783	99319619	92779
59981	99319630	14079
60281	99364978	3134
60631	103158551	853180
60728	103158582	4342
60761	103158493	5790
60961	104222519	6450029
61058	104222305	38853
61456	111978336	10417
61512	111978356	6992697
61822	121270224	46907872
61827	121270227	11458
62207	123058780	70639
62254	123058859	644106
62878	126522686	2726824
63448	135610525	1401
63580	135610122	37542
63598	135610125	149096
63617	135610131	47811
63619	135610133	4932
63622	135610135	5253
63631	135610140	5284627
63632	135610141	60700
63634	135611113	119607
63681	135611147	4046
63776	135610650	409322
63804	135611042	17732
63845	135611060	5320
63866	135610764	15793
63949	135610547	102614
63959	135610657	122724
63965	135610659	1884
64042	135610694	1645
64064	135610875	5152
64187	135610820	2327
64195	135610842	5074
64208	135610799	3006531
64210	135610801	2126
64212	135610803	5472495
64216	135610975	28693
64227	135610979	2750
64294	135610924	91474
64312	135668161	4054
64317	135668324	3779
64342	135668285	13401
64354	135668162	4170
64557	136349091	5280507
65101	160645026	92836
65310	160644850	65399
65329	160645081	3973
65737	160655811	5469424
66071	160710028	68081
66682	160655815	73659
67119	160645661	18068
67237	160645367	167685
67246	160645503	332427
67309	160710730	6437066
67410	160710568	125
67547	160710512	5281650
67894	160711555	92802
67898	160711468	76658
100147	85307281	4421
100246	85306349	4539
101085	87350459	3038
102130	85307740	5325
102166	85307774	3000715
102265	85307862	5327
102516	85308104	5330
104011	85309558	2148
104872	85310392	5092
111762	87350503	2997
114785	87350514	176870
116278	85321506	3948
116314	87350517	5283387
116509	85321719	3120
119915	85325012	3345
124991	87322650	6024
132842	85332653	5336
136995	85336724	8421
138856	87350587	4628
149226	85348787	3343
157175	85356621	3229
168396	87350682	446541
171741	85370863	5282054
190358	85389160	2272
204928	87322655	5742673
209807	87322656	441199
222828	85421198	24415
258351	85451356	4883
296881	85489304	7121
310312	87351031	638278
338412	87351080	253602
364453	85556037	2581
405237	85596296	46224610
466659	87351470	2826713
472805	87351514	439501
473992	85663233	6433272
474014	85663252	6473883
490095	85679123	5281416
520985	85709739	123606
521021	85709765	95946
545687	87249368	5283028
545959	87351766	1738
556075	87323562	6323491
560555	87263304	6437877
568021	87269986	72139
582124	87283396	6438394
617099	87351869	31072
691037	96080668	5311067
