799
1387
1547
1879
2030
2038
2208
2274
2341
2365
2379
2394
2404
2453
2504
2533
2559
2634
2639
2654
2663
2665
2668
2673
2675
2676
2700
2716
2877
2896
2904
2950
2953
2955
2968
2979
2981
3001
3011
3013
3077
3082
3092
3098
3103
3131
3136
3181
3183
3213
3219
3223
3237
3362
3374
3387
3393
3419
3440
3441
3478
3480
3485
3510
3515
3534
3537
3547
3561
3614
3619
3638
3640
3647
3650
3682
3699
3723
3732
3745
3750
3757
3764
3941
3962
3992
3994
4027
4139
4170
4194
4195
4208
4315
4325
4431
4495
4513
4514
4530
4551
4562
4591
4630
4636
4653
4657
4659
4670
4676
4728
4775
4781
4784
4806
4877
4885
4887
4903
4907
4911
4917
4974
4975
5000
5001
5004
5050
5062
5078
5103
5106
5118
5123
5130
5262
5280
5292
5296
5417
5441
5557
5613
5653
5686
5775
5818
5855
5893
6030
6032
6039
6067
6128
6359
6367
6375
6384
6456
6497
6499
6532
6541
6566
6601
6682
6695
6704
6715
6775
6780
6794
6838
6887
6888
6904
6923
6980
7207
7454
7459
7465
7476
7522
7563
7569
7573
7575
7640
7731
7772
7775
7789
7824
7856
7983
8024
8028
8050
8093
8107
8113
8212
8214
8228
8232
8247
8364
8378
8382
8405
8428
8435
8448
8499
8502
8597
8600
8630
8645
8673
8713
8716
8887
8888
8984
9008
9086
9107
9139
9168
9171
9233
9241
9300
9329
9332
9352
9367
9400
9434
9445
9468
9513
9566
9588
9592
9599
9622
9654
9738
9753
9907
9908
9927
9943
9948
9985
10033
10093
10100
10110
10112
10213
10280
10283
10319
10362
10432
10577
10588
10615
10782
12164
12936
12962
13248
13389
13392
13643
14314
15035
15318
15333
15334
15335
15344
15345
15356
15365
15367
15373
15399
15410
15420
15468
15469
15473
15479
15487
15489
15514
15517
15521
15525
15530
15533
15539
15541
15544
15545
15547
15548
15550
15551
15553
15554
15555
15560
15573
15600
15603
15632
15633
15647
15671
15674
15676
15693
15695
15698
15702
15705
15714
15727
15728
15729
15734
15738
15741
15746
15753
15756
15765
15768
15771
15776
15793
15811
15820
15830
15831
15843
15854
15864
15889
15890
15891
15894
15897
15901
15904
15930
15932
15939
15940
15948
15956
15964
15965
15968
15971
15996
15999
16010
16015
16024
16031
16032
16040
16054
16077
16080
16104
16110
16112
16119
16158
16160
16168
16171
16175
16180
16196
16217
16219
16231
16235
16238
16243
16247
16259
16265
16269
16283
16285
16292
16296
16313
16318
16325
16333
16335
16344
16347
16348
16354
16356
16359
16363
16375
16385
16389
16393
16394
16410
16411
16414
16424
16433
16443
16450
16458
16460
16469
16474
16485
16498
16521
16522
16523
16530
16547
16551
16556
16563
16566
16584
16586
16587
16600
16610
16619
16625
16634
16643
16646
16648
16664
16667
16670
16675
16680
16691
16701
16704
16705
16708
16709
16713
16714
16731
16733
16737
16738
16742
16750
16755
16761
16765
16778
16788
16811
16813
16828
16831
16841
16856
16862
16865
16866
16880
16881
16885
16892
16899
16905
16907
16908
16914
16919
16924
16927
16933
16934
16964
16971
16978
17001
17012
17015
17016
17025
17026
17053
17061
17062
17066
17076
17087
17102
17111
17115
17126
17134
17138
17140
17154
17160
17164
17168
17169
17172
17187
17188
17189
17191
17196
17201
17203
17211
17226
17230
17242
17252
17254
17256
17258
17263
17276
17295
17297
17303
17306
17310
17312
17315
17323
17326
17334
17336
17345
17348
17351
17361
17364
17368
17375
17376
17383
17387
17393
17394
17418
17431
17445
17460
17474
17478
17489
17509
17515
17522
17533
17549
17553
17558
17561
17562
17568
17574
17579
17580
17587
17588
17593
17594
17596
17608
17620
17622
17642
17650
17656
17668
17687
17688
17696
17697
17698
17701
17712
17716
17724
17748
17755
17761
17768
17775
17780
17781
17784
17786
17814
17821
17822
17823
17847
17858
17859
17893
17895
17898
17905
17933
17948
17957
17964
17972
17980
17984
17992
18000
18012
18019
18035
18047
18059
18066
18088
18089
18094
18095
18101
18112
18123
18127
18133
18135
18145
18147
18152
18160
18183
18186
18193
18208
18222
18237
18241
18243
18254
18257
18258
18261
18265
18274
18280
18282
18283
18292
18295
18305
18307
18315
18332
18335
18346
18347
18357
18358
18375
18379
18388
18397
18405
18406
18723
18946
19129
19138
19168
19254
19255
19257
19260
19569
19834
20067
20106
20156
20392
20506
20702
20706
20857
20878
20995
21006
21008
21037
21080
21167
21168
21169
21545
21547
21575
21622
21626
21644
21647
21650
21654
21658
21672
21731
21760
21766
21803
21844
21968
21976
22063
22152
22160
22187
22195
22205
22211
22213
22226
22251
22256
22260
22271
22278
22290
22301
22302
22315
22324
22327
22331
22470
22475
22478
22479
22495
22501
22507
22512
22526
22527
22529
22557
22558
22562
22580
22598
22632
22645
22652
22653
22658
22660
22661
22680
22682
22693
22698
22702
22707
22712
22715
22720
22723
22726
22727
22728
22729
22743
22754
22798
22823
22860
22881
22888
22918
22928
22958
22961
22965
23003
23007
23042
23044
23045
23048
23053
23066
23086
23117
23129
23134
23135
23150
23152
23213
23217
23219
23229
23230
23232
23238
23245
23252
23367
23401
23403
23424
23443
23447
23451
23480
23483
23505
23509
23521
23523
23524
23618
23628
23634
23636
23639
23641
23666
23673
23677
23690
23702
23743
23765
23775
23778
23792
23796
23806
23809
23818
23824
23843
23849
23866
23897
23899
23931
23943
23956
23958
23965
23981
24012
24026
24031
24040
24043
24062
24128
24129
24195
24221
24229
24261
24266
24267
24268
24269
24271
24278
24302
24315
24317
24318
24323
24337
24353
24373
24395
24396
24400
24405
24407
24431
24436
24455
24458
24470
24471
24531
24532
24548
24553
24561
24564
24577
24583
24584
24586
24610
24619
24628
24631
24632
24644
24646
24650
24651
24654
24662
24663
24669
24676
24684
24688
24689
24697
24698
24702
24721
24727
24730
24734
24741
24745
24751
24780
24782
24783
24786
24803
24809
24810
24813
24814
24828
24829
24833
24844
24860
24862
24863
24864
24865
24870
24898
24913
24921
24922
24963
24970
24972
24973
24977
24978
24981
24983
24995
25000
25017
25018
25029
25036
25040
25048
25094
25095
25105
25106
25136
25186
25230
25235
25238
25240
25241
25269
25271
25272
25275
25289
25305
25320
25336
25340
25348
25354
25357
25359
25367
25375
25380
25384
25389
25392
25399
25401
25409
25413
25418
25477
25481
25500
25508
25523
25524
25527
25529
25558
25562
25608
25609
25627
25633
25634
25639
25676
25681
25693
25698
25703
25704
25708
25710
25711
25712
25715
25716
25741
25750
25753
25754
25799
25801
25806
25810
25858
25865
25872
25883
25900
25901
25903
25973
25985
25990
25998
26004
26020
26051
26069
26079
26082
26094
26124
26125
26144
26147
26148
26151
26188
26191
26195
26208
26244
26250
26255
26271
26273
26276
26284
26288
26292
26296
26333
26334
26335
26337
26338
26340
26343
26344
26346
26347
26369
26373
26374
26375
26385
26386
26391
26392
26393
26394
26395
26396
26397
26398
26399
26400
26401
26406
26407
26410
26416
26420
26421
26432
26434
26436
26438
26440
26441
26443
26446
26447
26454
26455
26456
26461
26463
26469
26508
26509
26512
26513
26515
26516
26534
26536
26537
26546
26547
26548
26556
26558
26561
26562
26587
26588
26604
26605
26606
26607
26628
26629
26640
26643
26649
26650
26658
26666
26667
26735
26738
26739
26743
26761
26764
26766
26776
26788
26799
26805
26816
26819
26820
26822
26834
26835
26848
26849
26872
26873
26875
26878
26893
26907
26912
26933
26935
26938
26953
26959
26961
26977
26979
26981
26995
26996
27013
27024
27036
27082
27084
27093
27114
27115
27116
27134
27136
27150
27162
27164
27171
27175
27177
27208
27226
27242
27248
27266
27283
27288
27300
27306
27325
27353
27358
27369
27373
27386
27432
27440
27446
27470
27480
27485
27496
27504
27509
27510
27514
27547
27562
27565
27570
27585
27592
27607
27616
27618
27637
27641
27647
27656
27663
27667
27690
27693
27696
27704
27732
27741
27779
27796
27820
27823
27827
27848
27881
27891
27897
27903
27907
27915
27933
27949
27953
27956
27967
27997
27999
28001
28012
28013
28031
28044
28051
28052
28053
28054
28084
28088
28099
28121
28123
28125
28130
28134
28136
28158
28171
28177
28179
28184
28194
28197
28201
28209
28260
28261
28269
28279
28300
28315
28322
28324
28346
28364
28383
28393
28442
28445
28478
28483
28484
28487
28499
28502
28508
28518
28527
28572
28600
28631
28635
28646
28661
28664
28667
28689
28716
28721
28728
28744
28749
28750
28775
28790
28792
28801
28802
28813
28814
28821
28822
28824
28828
28829
28834
28837
28842
28853
28854
28863
28864
28865
28869
28875
28878
28915
28918
28933
28940
28941
28955
28963
28969
28971
28973
28986
28997
29007
29013
29019
29042
29062
29073
29075
29132
29256
29281
29347
29348
29452
29639
29750
29864
30021
30200
30270
30527
30531
30632
30660
30744
30746
30749
30753
30754
30763
30765
30769
30778
30805
30813
30817
30832
30838
30841
30846
30851
30852
30853
30860
30865
30879
30915
30997
31128
31199
31225
31276
31277
31348
31403
31414
31457
31459
31483
31530
31577
31599
31620
31653
31654
31677
31697
31709
31746
31755
31998
32161
32168
32173
32215
32223
32315
32354
32368
32374
32381
32389
32509
32585
32692
32805
32863
32876
32877
32952
32955
32978
32988
33033
33184
33198
33234
33235
33241
33245
33256
33257
33261
33270
33272
33276
33277
33285
33302
33304
33308
33406
33424
33447
33508
33551
33552
33555
33566
33567
33568
33569
33570
33572
33573
33575
33576
33579
33582
33595
33597
33598
33599
33608
33635
33636
33637
33655
33658
33659
33661
33663
33666
33670
33671
33672
33674
33675
33692
33702
33704
33707
33709
33720
33729
33752
33754
33772
33822
33823
33832
33833
33836
33838
33847
33848
33853
33854
33855
33856
33857
33859
33860
33916
33917
33954
33983
34117
34126
34146
34151
34154
34230
34247
34306
34447
34477
34486
34495
34505
34520
34556
34611
34648
34764
34795
34839
34934
34939
35033
35131
35132
35138
35142
35158
35162
35163
35186
35187
35189
35193
35238
35241
35259
35267
35274
35275
35281
35284
35285
35293
35294
35295
35296
35310
35311
35313
35314
35315
35341
35342
35343
35344
35346
35347
35348
35350
35352
35356
35358
35359
35362
35363
35366
35378
35381
35410
35411
35414
35427
35436
35465
35467
35489
35500
35506
35507
35533
35552
35568
35570
35571
35573
35580
35581
35584
35605
35616
35618
35619
35621
35622
35624
35627
35628
35633
35641
35666
35676
35681
35682
35683
35689
35692
35697
35701
35715
35716
35719
35726
35727
35735
35741
35742
35744
35746
35748
35779
35785
35786
35788
35789
35790
35800
35803
35813
35819
35825
35850
35868
35871
35873
35875
35910
35915
35923
35924
35931
35950
35958
35969
35972
35983
35987
35992
36003
36005
36006
36009
36011
36021
36022
36027
36031
36032
36033
36034
36036
36046
36054
36055
36062
36066
36078
36087
36090
36112
36130
36132
36141
36145
36164
36218
36233
36243
36244
36248
36249
36255
36260
36275
36278
36281
36306
36313
36326
36328
36331
36336
36357
36358
36359
36360
36405
36432
36468
36503
36575
36586
36587
36595
36606
36607
36608
36609
36615
36683
36684
36685
36688
36699
36700
36709
36711
36730
36740
36742
36751
36757
36758
36785
36786
36798
36802
36809
36816
36818
36820
36834
36835
36836
36838
36841
36848
36849
36851
36853
36854
36855
36857
36860
36862
36863
36864
36885
36916
36926
36943
36952
36962
36963
36970
36976
36980
36981
36982
36995
37007
37010
37015
37016
37021
37038
37045
37075
37076
37096
37121
37123
37141
37142
37143
37175
37290
37292
37293
37324
37407
37421
37422
37433
37445
37484
37485
37488
37495
37496
37511
37512
37531
37533
37550
37554
37558
37562
37576
37577
37578
37581
37598
37621
37622
37659
37667
37668
37683
37684
37690
37691
37697
37698
37704
37707
37712
37716
37734
37736
37739
37748
37787
37793
37826
37827
37841
37863
37875
37912
37921
37929
37942
37948
37963
37996
38031
38032
38034
38063
38067
38086
38092
38093
38099
38101
38102
38104
38106
38131
38137
38138
38149
38163
38164
38165
38166
38167
38168
38169
38170
38172
38173
38174
38175
38177
38179
38180
38182
38187
38195
38196
38198
38224
38225
38260
38261
38263
38264
38265
38275
38295
38297
38298
38303
38304
38307
38311
38312
38313
38314
38326
38337
38338
38407
38418
38431
38443
38445
38460
38467
38481
38485
38488
38490
38511
38512
38524
38530
38605
38606
38631
38635
38643
38653
38656
38663
38666
38669
38672
38679
38684
38686
38687
38724
38737
38738
38739
38745
38747
38749
38751
38755
38756
38757
38767
38768
38774
38775
38777
38778
38779
38785
38791
38797
38800
38830
38831
38835
38836
38856
38912
38914
38924
38925
38932
38940
38958
38975
38976
39065
39066
39093
39146
39166
39172
39173
39192
39203
39205
39206
39236
39237
39246
39248
39257
39270
39352
39365
39410
39417
39418
39430
39432
39434
39437
39446
39447
39457
39465
39474
39567
39585
39669
39708
40279
40303
40538
40799
40813
40822
40933
40992
41320
41423
41582
41774
41865
41922
41941
41977
42017
42068
42202
42255
42446
42491
42504
42567
42588
42638
42977
43029
43065
43561
43572
43722
43755
44215
44241
44247
44409
44445
44454
44510
44526
44616
44747
44897
45081
45285
45373
45487
45744
45863
45919
45924
45927
45951
45979
45980
46024
46171
46195
46245
46345
46372
46631
46640
46668
46686
46687
46701
46746
46761
46762
46767
46770
46773
46774
46775
46777
46786
46789
46837
46844
46845
46848
46851
46867
46874
46917
46920
46931
46952
46955
46963
46964
46966
46968
46975
46979
47003
47016
47017
47018
47019
47022
47042
47426
47499
47519
47612
47622
47693
47772
47778
47779
47780
47781
47784
47787
47788
47789
47804
47807
47857
47877
47878
47880
47881
47885
47891
47909
47910
47916
47923
47945
47956
47977
47989
47994
47995
48009
48024
48039
48117
48120
48153
48199
48210
48274
48299
48300
48336
48337
48339
48343
48400
48420
48430
48441
48470
48513
48514
48518
48526
48538
48546
48565
48574
48585
48589
48590
48591
48626
48765
48850
48851
48861
48865
48888
48891
48901
48905
48956
48965
48975
48981
48991
49033
49040
49080
49104
49168
49172
49183
49302
49318
49319
49322
49410
49575
49662
49668
50018
50047
50048
50075
50091
50095
50126
50168
50169
50170
50172
50173
50193
50196
50199
50202
50205
50211
50217
50264
50265
50305
50307
50366
50367
50371
50383
50401
50402
50403
50413
50418
50441
50471
50477
50492
50519
50523
50563
50648
50673
50692
50699
50729
50743
50753
50784
50830
50858
50860
50861
50867
50885
50893
50896
50918
50930
50931
50990
50994
50995
50996
51006
51026
51137
51141
51143
51149
51151
51164
51209
51211
51212
51230
51269
51276
51277
51285
51307
51308
51323
51339
51340
51361
51402
51403
51569
51570
51625
51681
51683
51684
51686
51688
51689
51702
51718
51721
51737
51867
51903
51914
51915
51958
51959
51967
52010
52060
52172
52221
52249
52267
52289
52309
52323
52362
52427
52557
52575
52618
52639
52640
52768
53030
53079
53090
53091
53183
53289
53291
53454
53455
53460
53487
53488
53661
53662
53665
53678
53680
53721
53727
53766
53769
53802
55370
55373
55378
55417
55429
55465
55484
55501
55546
57589
58961
58968
58972
59026
59057
59202
59238
59270
59332
59389
59477
59549
59554
59644
59650
59676
59755
59758
59768
59769
59770
59771
59777
59779
59783
59913
59981
59999
60004
60173
60281
60529
60631
60690
60728
60761
60783
60834
60911
60926
60961
60974
60980
61051
61058
61078
61079
61109
61120
61121
61159
61204
61205
61292
61293
61295
61296
61313
61355
61379
61409
61456
61512
61655
61667
61692
61697
61703
61704
61777
61778
61822
61827
61903
61905
61907
61912
62205
62206
62207
62254
62345
62346
62431
62499
62732
62733
62761
62878
62886
63161
63238
63299
63353
63367
63385
63391
63394
63436
63448
63534
63580
63593
63594
63598
63617
63619
63622
63631
63632
63634
63644
63681
63776
63804
63845
63866
63944
63949
63959
63965
64009
64042
64064
64187
64195
64196
64208
64210
64212
64216
64227
64277
64294
64312
64317
64342
64354
64365
64459
64557
64600
64620
64621
64634
64709
64711
64948
64985
65101
65310
65321
65322
65323
65327
65329
65737
66071
66682
66873
67119
67142
67194
67197
67237
67246
67265
67309
67410
67547
67894
67898
68452
68472
71224
71230
71329
71543
72004
72010
72544
72579
72581
72588
72600
72695
72730
72851
73155
73184
73359
73474
73477
73537
73539
73558
73690
73693
73754
74105
74222
74223
74266
74630
74634
74818
74961
75884
76180
76186
76194
76224
76424
76578
76983
77068
77131
77166
77175
77383
77673
78574
78616
100147
100246
101085
102130
102166
102265
102516
104011
104872
111762
114785
115155
116278
116314
116509
119915
124991
132842
136995
138856
149226
157175
168396
171741
190358
204928
209807
222828
258351
296881
310312
338412
364453
405237
466659
472805
473992
474014
490095
520985
521021
545687
545959
556075
560555
568021
582124
617099
691037
